0 416.8 1500.0
1 575.0 40.0
2 273.9 931.0
3 20.3 52.0
4 2799.0 40.0
5 316.8 931.0
6 1113.5 52.0
7 304.9 52.0
8 12.0 1344.0
9 119.4 1370.9
10 358.4 1500.0
11 205.9 1500.0
12 331.5 40.0
13 11.0 1500.0
14 268.9 931.0
15 149.7 1500.0
16 201.7 56.5
17 459.8 1300.5
18 451.0 521.0
19 73.0 40.0
20 192.5 1430.0
21 85.3 40.0
22 726.0 40.0
23 6.2 52.0
24 315.2 40.0
25 662.5 1500.0
26 3.0 1500.0
27 26.5 40.0
28 252.0 40.0
29 1303.0 46.0
30 497.0 40.0
31 252.4 1430.0
32 262.8 40.0
33 125.0 1426.0
34 29.0 40.0
35 3.5 52.0
36 4.0 40.0
